id,convo_count,justice_utt_share,petitioner_advocate_utt_share,cons_just,prop_cons
2015_15-290,1,0.5329341317365269,0.4230769230769231,0.6629213483146067,0.5
2007_07-343,1,0.5159817351598174,0.5849056603773585,0.22123893805309736,0.7777777777777778
2009_09-497,1,0.5127272727272727,0.4253731343283582,0.4326241134751773,0.6666666666666666
2005_04-1131,1,0.5094339622641509,0.5846153846153846,0.37777777777777777,0.7777777777777778
2009_09-338,1,0.5195729537366548,0.5185185185185185,0.2945205479452055,0.6666666666666666
2015_15-474,1,0.5384615384615384,0.5714285714285714,0.6190476190476191,0.5
2015_14-613,1,0.5119047619047619,0.3821138211382114,0.35658914728682173,0.5
2008_07-1315,1,0.5161290322580645,0.5,0.203125,0.7777777777777778
2015_15-420,1,0.518796992481203,0.53125,0.5797101449275363,0.5
2007_06-11429,1,0.5116279069767442,0.8571428571428571,0.2878787878787879,0.7777777777777778
2009_08-1371,1,0.5205479452054794,0.44571428571428573,0.3684210526315789,0.6666666666666666
2015_14-1095,1,0.5078740157480315,0.576,0.5426356589147286,0.5555555555555556
2010_10-188,1,0.5120481927710844,0.32098765432098764,0.4,0.5555555555555556
2011_10-1150,1,0.5114503816793893,0.625,0.5671641791044776,0.5555555555555556
2008_08-205,2,0.6407599309153713,0.5576923076923077,0.3719676549865229,0.6666666666666666
2016_16-605,1,0.5062761506276151,0.2627118644067797,0.4049586776859504,0.5555555555555556
2008_07-591,1,0.518796992481203,0.4296875,0.2028985507246377,0.7777777777777778
2012_11-1347,1,0.5272108843537415,0.6330935251798561,0.5612903225806452,0.5555555555555556
2010_09-987,1,0.5094339622641509,0.2153846153846154,0.3925925925925926,0.5555555555555556
2012_11-1425,1,0.502127659574468,0.2905982905982906,0.4830508474576271,0.5555555555555556
2018_16-1275,1,0.5227272727272727,0.2761904761904762,0.3739130434782609,0.5555555555555556
2006_05-8820,1,0.5126050420168067,0.6206896551724138,0.18032786885245902,0.7777777777777778
2013_12-761,1,0.5031446540880503,0.3037974683544304,0.4875,0.5555555555555556
2005_04-597,1,0.5076923076923077,0.43125,0.3696969696969697,0.7777777777777778
2018_16-1498,1,0.5203761755485894,0.3333333333333333,0.5963855421686747,0.5555555555555556
2018_17-1272,1,0.5219123505976095,0.5,0.6793893129770993,0.5555555555555556
2017_17-432,1,0.5384615384615384,0.6071428571428571,0.5714285714285714,0.5555555555555556
2007_06-1265,1,0.5036231884057971,0.39416058394160586,0.4244604316546763,0.7777777777777778
2007_06-1181,1,0.5109489051094891,0.5,0.3357142857142857,0.7777777777777778
2005_04-631,1,0.5165394402035624,0.35789473684210527,0.3054187192118227,0.7777777777777778
2016_16-32,1,0.5094339622641509,0.5897435897435898,0.5555555555555556,0.5555555555555556
2016_15-1248,1,0.5064935064935064,0.5,0.7948717948717948,0.5
2009_08-1470,1,0.5115606936416185,0.3905325443786982,0.288135593220339,0.6666666666666666
2013_12-574,1,0.5021834061135371,0.2631578947368421,0.5391304347826087,0.5555555555555556
2017_16-1215,1,0.5238095238095238,0.5857142857142857,0.4805194805194805,0.5555555555555556
2008_07-1437,1,0.5294117647058824,0.5,0.4444444444444444,0.7777777777777778
2010_09-907,1,0.5305343511450382,0.6504065040650406,0.4244604316546763,0.5555555555555556
2009_08-1134,1,0.5179153094462541,0.33783783783783783,0.4528301886792453,0.6666666666666666
2013_12-562,1,0.5287356321839081,0.36585365853658536,0.5108695652173914,0.5555555555555556
2012_11-1545,1,0.515695067264574,0.5370370370370371,0.3391304347826087,0.5555555555555556
2005_04-1360,2,0.5118549511854951,0.4828571428571429,0.17438692098092642,0.7777777777777778
2010_10-6,1,0.5111111111111111,0.5833333333333334,0.5072463768115942,0.5555555555555556
2014_13-6827,1,0.5092592592592593,0.2358490566037736,0.4818181818181818,0.5555555555555556
2010_09-529,1,0.5129310344827587,0.39823008849557523,0.42016806722689076,0.5555555555555556
2010_09-1205,1,0.506578947368421,0.5333333333333333,0.6753246753246753,0.5555555555555556
2011_10-1018,1,0.5044642857142857,0.1981981981981982,0.2920353982300885,0.5555555555555556
2005_05-260,1,0.5190476190476191,0.5544554455445545,0.28440366972477066,0.7777777777777778
2006_05-1126,1,0.5096525096525096,0.5039370078740157,0.3106060606060606,0.7777777777777778
2014_13-975,1,0.5163934426229508,0.3983050847457627,0.4126984126984127,0.5555555555555556
2007_06-989,1,0.5085714285714286,0.5755813953488372,0.24157303370786518,0.7777777777777778
2019_18-5924,1,0.5263157894736842,0.37037037037037035,0.5,0.5555555555555556
2007_06-694,1,0.5050505050505051,0.5714285714285714,0.26,0.7777777777777778
2011_10-1472,1,0.5056179775280899,0.5909090909090909,0.5333333333333333,0.5555555555555556
2010_08-1438,1,0.5064935064935064,0.3684210526315789,0.48717948717948717,0.5555555555555556
2019_19-431,1,0.5748031496062992,0.4351851851851852,0.3904109589041096,0.5555555555555556
2009_09-223,1,0.5135135135135135,0.4777777777777778,0.5473684210526316,0.6666666666666666
2009_08-1457,1,0.5144927536231884,0.5223880597014925,0.30985915492957744,0.6666666666666666
2011_10-8145,1,0.5163934426229508,0.2457627118644068,0.5873015873015873,0.5555555555555556
2009_08-1498,1,0.7049689440993789,0.0,0.5550660792951542,0.6666666666666666
2008_07-8521,1,0.5133333333333333,0.5958904109589042,0.07142857142857142,0.7777777777777778
2011_10-704,1,0.5144927536231884,0.3582089552238806,0.3732394366197183,0.5555555555555556
2018_17-773,1,0.5,0.2833333333333333,0.5333333333333333,0.5555555555555556
2005_04-607,1,0.5057471264367817,0.4883720930232558,0.29545454545454547,0.7777777777777778
2018_18-726,1,0.527027027027027,0.42142857142857143,0.32051282051282054,0.5555555555555556
2015_14-723,1,0.5157894736842106,0.41304347826086957,0.2857142857142857,0.5555555555555556
2019_19-177,1,0.5675675675675675,0.46875,0.27380952380952384,0.5555555555555556
2008_08-192,1,0.510548523206751,0.4224137931034483,0.36363636363636365,0.7777777777777778
2006_06-593,1,0.5093167701863354,0.2911392405063291,0.32926829268292684,0.7777777777777778
2009_08-1214,1,0.5093632958801498,0.3969465648854962,0.29411764705882354,0.6666666666666666
2007_07-208,1,0.5092592592592593,0.3113207547169811,0.13636363636363635,0.7777777777777778
2009_08-1332,1,0.51,0.36054421768707484,0.29411764705882354,0.6666666666666666
2011_10-8505,1,0.5286343612334802,0.48598130841121495,0.4166666666666667,0.5555555555555556
2012_11-1450,1,0.5217391304347826,0.5194805194805194,0.5714285714285714,0.5555555555555556
2010_10-238,1,0.5147058823529411,0.5252525252525253,0.3619047619047619,0.5555555555555556
2012_11-770,1,0.5186915887850467,0.47572815533980584,0.45045045045045046,0.5555555555555556
2010_09-11556,1,0.5129151291512916,0.48484848484848486,0.5611510791366906,0.5555555555555556
2005_04-905,1,0.5088607594936709,0.6030927835051546,0.3383084577114428,0.7777777777777778
2007_06-1413,1,0.5121951219512195,0.5083333333333333,0.30952380952380953,0.7777777777777778
2016_15-866,1,0.5144927536231884,0.5223880597014925,0.7323943661971831,0.5
2013_12-417,1,0.5051546391752577,0.4583333333333333,0.5204081632653061,0.5555555555555556
2018_17-340,1,0.512,0.5901639344262295,0.609375,0.5555555555555556
2015_14-1382,1,0.5066666666666667,0.7567567567567568,0.4342105263157895,0.5
2013_12-9012,1,0.5075528700906344,0.4049079754601227,0.6964285714285714,0.5555555555555556
2007_06-1717,1,0.5068493150684932,0.46296296296296297,0.14414414414414414,0.7777777777777778
2014_13-271,1,0.5212765957446809,0.0,0.7448979591836735,0.5555555555555556
2014_14-185,1,0.528,0.3898305084745763,0.5757575757575758,0.5555555555555556
2011_11-5683,1,0.5283018867924528,0.664,0.4785714285714286,0.5555555555555556
2012_11-1274,1,0.5136363636363637,0.411214953271028,0.5398230088495575,0.5555555555555556
2017_16-6855,1,0.5181818181818182,0.6037735849056604,0.5087719298245614,0.5555555555555556
2016_15-118,1,0.5269709543568465,0.43859649122807015,0.6692913385826772,0.5555555555555556
2005_04-623,1,0.5165165165165165,0.484472049689441,0.2558139534883721,0.7777777777777778
2014_13-553,1,0.5123152709359606,0.47474747474747475,0.5576923076923077,0.5555555555555556
2019_18-1086,1,0.5252918287937743,0.36065573770491804,0.6222222222222222,0.5555555555555556
2007_06-1204,1,0.5026455026455027,0.3191489361702128,0.37894736842105264,0.7777777777777778
2008_07-1090,1,0.5170454545454546,0.21052631578947367,0.32967032967032966,0.7777777777777778
2014_13-1010,1,0.5085714285714286,0.6395348837209303,0.5842696629213483,0.5555555555555556
2007_07-5439,1,0.505338078291815,0.49640287769784175,0.1619718309859155,0.7777777777777778
2015_15-338,1,0.5191489361702127,0.4247787610619469,0.680327868852459,0.5
2019_18-1171,1,0.5565476190476191,0.22818791946308725,0.44385026737967914,0.5555555555555556
2015_14-1175,1,0.5263157894736842,0.4888888888888889,0.57,0.5
2007_06-1498,1,0.5117370892018779,0.40384615384615385,0.3669724770642202,0.7777777777777778
2018_17-290,1,0.5297029702970297,0.21052631578947367,0.5327102803738317,0.5555555555555556
2019_19-67,1,0.5327102803738317,0.54,0.39473684210526316,0.5555555555555556
2013_12-1315,1,0.5029940119760479,0.2289156626506024,0.5595238095238095,0.5555555555555556
2005_04-1186,1,0.5141509433962265,0.6796116504854369,0.1834862385321101,0.7777777777777778
2006_05-6551,1,0.5163934426229508,0.5169491525423728,0.2222222222222222,0.7777777777777778
2005_05-5224,1,0.5066666666666667,0.5135135135135135,0.22807017543859648,0.7777777777777778
2016_14-1538,1,0.4972972972972973,0.3978494623655914,0.6086956521739131,0.5
2012_12-10,1,0.5079365079365079,0.45161290322580644,0.3333333333333333,0.5555555555555556
2011_10-1024,1,0.509090909090909,0.4567901234567901,0.5595238095238095,0.5555555555555556
2008_07-6984,1,0.5297619047619048,0.43037974683544306,0.2808988764044944,0.7777777777777778
2019_18-1116,1,0.51931330472103,0.4642857142857143,0.4628099173553719,0.5555555555555556
2013_12-99,1,0.5053763440860215,0.36231884057971014,0.5886524822695035,0.5555555555555556
2009_08-1198,1,0.4934640522875817,0.4391891891891892,0.33112582781456956,0.6666666666666666
2016_16-399,1,0.5254237288135594,0.5285714285714286,0.4645161290322581,0.5555555555555556
2018_18-459,1,0.5093632958801498,0.4961832061068702,0.47058823529411764,0.5555555555555556
2018_17-949,1,0.5263157894736842,0.31313131313131315,0.4,0.5555555555555556
2011_10-945,1,0.5109034267912772,0.5668789808917197,0.5426829268292683,0.5555555555555556
2005_04-1376,1,0.5129032258064516,0.5231788079470199,0.3584905660377358,0.7777777777777778
2018_17-8995,1,0.5229357798165137,0.4326923076923077,0.5526315789473685,0.5555555555555556
2018_17-1702,1,0.5202492211838006,0.538961038961039,0.6047904191616766,0.5555555555555556
2015_14-990,1,0.5319148936170213,0.6363636363636364,0.36,0.5555555555555556
2016_15-1503,1,0.5172413793103449,0.6428571428571429,0.6222222222222222,0.5555555555555556
2008_08-5274,1,0.5223880597014925,0.40625,0.36428571428571427,0.7777777777777778
2005_05-5992,1,0.5209302325581395,0.4854368932038835,0.26785714285714285,0.7777777777777778
2005_04-8990,1,0.5080645161290323,0.38524590163934425,0.36507936507936506,0.7777777777777778
2007_06-666,1,0.5108225108225108,0.45132743362831856,0.2288135593220339,0.7777777777777778
2013_12-820,1,0.5254237288135594,0.39285714285714285,0.3709677419354839,0.5555555555555556
2010_09-893,1,0.519774011299435,0.5058823529411764,0.42391304347826086,0.5555555555555556
2006_05-9222,1,0.5064102564102564,0.47368421052631576,0.16455696202531644,0.7777777777777778
2009_07-11191,1,0.5044776119402985,0.5843373493975904,0.47337278106508873,0.6666666666666666
2006_05-1056,1,0.5042372881355932,0.37606837606837606,0.2605042016806723,0.7777777777777778
2005_04-885,1,0.5359477124183006,0.5211267605633803,0.20121951219512196,0.7777777777777778
2017_17-2,1,0.5267857142857143,0.5188679245283019,0.5254237288135594,0.5555555555555556
2008_07-854,1,0.5068493150684932,0.2222222222222222,0.13513513513513514,0.7777777777777778
2016_16-349,1,0.5057471264367817,0.6744186046511628,0.5,0.5555555555555556
2018_18-966,1,0.5295566502463054,0.5602094240837696,0.6,0.5555555555555556
2016_15-7250,1,0.5025125628140703,0.5757575757575758,0.62,0.5555555555555556
2009_08-651,1,0.5081967213114754,0.4666666666666667,0.24731182795698925,0.6666666666666666
2005_05-409,1,0.5176991150442478,0.46788990825688076,0.38461538461538464,0.7777777777777778
2016_15-927,1,0.518796992481203,0.46875,0.7681159420289855,0.5
2005_04-944,1,0.5110132158590308,0.45045045045045046,0.28448275862068967,0.7777777777777778
2011_10-1211,1,0.5064935064935064,0.5,0.44871794871794873,0.5555555555555556
2006_06-157,1,0.5131086142322098,0.46153846153846156,0.25547445255474455,0.7777777777777778
2014_13-1211,1,0.5038167938931297,0.6153846153846154,0.48484848484848486,0.5555555555555556
2012_11-796,1,0.5046728971962616,0.5283018867924528,0.5,0.5555555555555556
2011_11-210,1,0.5104602510460251,0.48717948717948717,0.3770491803278688,0.5555555555555556
2019_18-1023,1,0.5170731707317073,0.25252525252525254,0.5471698113207547,0.5555555555555556
2011_10-948,1,0.5083333333333333,0.559322033898305,0.45901639344262296,0.5555555555555556
2006_05-983,1,0.510548523206751,0.23275862068965517,0.2396694214876033,0.7777777777777778
2005_04-1244,1,0.5189003436426117,0.4142857142857143,0.25165562913907286,0.7777777777777778
2007_06-1221,1,0.5091463414634146,0.37888198757763975,0.2155688622754491,0.7777777777777778
2009_08-6925,1,0.5189873417721519,0.5877192982456141,0.42276422764227645,0.6666666666666666
2006_06-313,1,0.5206611570247934,0.4827586206896552,0.18253968253968253,0.7777777777777778
2005_04-848,1,0.5336658354114713,0.3850267379679144,0.24299065420560748,0.7777777777777778
2008_07-1428,1,0.5238095238095238,0.4117647058823529,0.26737967914438504,0.7777777777777778
2014_14-144,1,0.509375,0.42038216560509556,0.4785276073619632,0.5555555555555556
2008_07-512,1,0.5067264573991032,0.24545454545454545,0.23008849557522124,0.7777777777777778
2013_12-1200,1,0.5082644628099173,0.0,0.4146341463414634,0.5555555555555556
2013_12-464,1,0.5098039215686274,0.5,0.375,0.5555555555555556
2013_12-1163,1,0.5121951219512195,0.0,0.5,0.5555555555555556
2019_18-1150,1,0.5236220472440944,0.24793388429752067,0.44360902255639095,0.5555555555555556
2017_16-402,1,0.5339233038348082,0.33544303797468356,0.39779005524861877,0.5555555555555556
2014_13-502,1,0.5086206896551724,0.41228070175438597,0.3983050847457627,0.5555555555555556
2009_08-351,1,0.5114285714285715,0.52046783625731,0.3854748603351955,0.6666666666666666
2018_17-1484,1,0.512,0.5573770491803278,0.671875,0.5555555555555556
2016_15-513,1,0.5144927536231884,0.6268656716417911,0.6056338028169014,0.5
2009_08-969,1,0.5124223602484472,0.47770700636942676,0.37575757575757573,0.6666666666666666
2013_12-10882,1,0.5189873417721519,0.42105263157894735,0.4878048780487805,0.5555555555555556
2005_04-1332,1,0.5054945054945055,0.0,0.4782608695652174,0.7777777777777778
2007_06-8273,1,0.541871921182266,0.5913978494623656,0.14545454545454545,0.7777777777777778
2010_09-846,1,0.5113636363636364,0.5232558139534884,0.4444444444444444,0.5555555555555556
2009_08-724,1,0.508695652173913,0.2831858407079646,0.3333333333333333,0.6666666666666666
2007_07-411,1,0.508833922261484,0.43884892086330934,0.14583333333333334,0.7777777777777778
2013_12-815,1,0.5104895104895105,0.2714285714285714,0.6438356164383562,0.5555555555555556
2009_08-876,1,0.5209302325581395,0.34951456310679613,0.42857142857142855,0.6666666666666666
2009_08-1394,1,0.5024875621890548,0.54,0.5346534653465347,0.6666666666666666
2008_07-513,1,0.5118343195266272,0.6060606060606061,0.2138728323699422,0.7777777777777778
2018_18-302,1,0.5173745173745173,0.392,0.417910447761194,0.5555555555555556
2007_06-1646,1,0.5054945054945055,0.4444444444444444,0.17391304347826086,0.7777777777777778
2007_06-856,1,0.5018315018315018,0.34558823529411764,0.24817518248175183,0.7777777777777778
2018_17-1606,1,0.5077720207253886,0.21052631578947367,0.6122448979591837,0.5555555555555556
2006_06-484,1,0.5203619909502263,0.39622641509433965,0.30434782608695654,0.7777777777777778
2009_08-1175,1,0.50920245398773,0.275,0.42168674698795183,0.6666666666666666
2015_14-844,1,0.5180722891566265,0.55,0.5,0.5555555555555556
2012_11-864,1,0.502283105022831,0.3577981651376147,0.5727272727272728,0.5555555555555556
2009_08-1521,1,0.5122699386503068,0.44654088050314467,0.23353293413173654,0.6666666666666666
2006_05-1120,1,0.5085470085470085,0.5043478260869565,0.18487394957983194,0.7777777777777778
2014_13-604,1,0.5070422535211268,0.4857142857142857,0.4166666666666667,0.5555555555555556
2009_08-905,1,0.5045454545454545,0.5648148148148148,0.4954954954954955,0.6666666666666666
2007_07-219,1,0.5049180327868853,0.5364238410596026,0.37012987012987014,0.7777777777777778
2010_09-1272,1,0.525096525096525,0.43902439024390244,0.3897058823529412,0.5555555555555556
2010_09-1163,1,0.5078534031413613,0.32978723404255317,0.5257731958762887,0.5555555555555556
2019_17-834,1,0.524822695035461,0.23880597014925373,0.5135135135135135,0.5555555555555556
2010_10-277,1,0.5109170305676856,0.3392857142857143,0.4358974358974359,0.5555555555555556
2018_17-6086,1,0.5159574468085106,0.5054945054945055,0.6391752577319587,0.5555555555555556
2013_12-1281,1,0.5201238390092879,0.7132352941176471,0.5654761904761905,0.5555555555555556
2017_17-43,1,0.5172413793103449,0.4642857142857143,0.7166666666666667,0.5555555555555556
2011_10-1399,1,0.5182926829268293,0.46835443037974683,0.4,0.5555555555555556
2005_04-1414,1,0.5217391304347826,0.512396694214876,0.23484848484848486,0.7777777777777778
2018_17-1229,1,0.5159235668789809,0.3684210526315789,0.5185185185185185,0.5555555555555556
2015_14-449,2,0.5104166666666666,0.4502923976608187,0.47959183673469385,0.5555555555555556
2012_11-338,1,0.5027027027027027,0.3804347826086957,0.3548387096774194,0.5555555555555556
2008_07-588,1,0.5056179775280899,0.4772727272727273,0.3037037037037037,0.7777777777777778
2008_07-526,1,0.515695067264574,0.42592592592592593,0.22608695652173913,0.7777777777777778
2014_13-1333,1,0.5064935064935064,0.5,0.5384615384615384,0.5555555555555556
2005_04-52,1,0.5294117647058824,0.5208333333333334,0.26851851851851855,0.7777777777777778
2006_05-11304,1,0.5219123505976095,0.4666666666666667,0.24427480916030533,0.7777777777777778
2007_06-1286,1,0.51931330472103,0.4375,0.23140495867768596,0.7777777777777778
2017_17-5639,1,0.5210084033613446,0.4473684210526316,0.6209677419354839,0.5555555555555556
2009_08-661,1,0.5064377682403434,0.5130434782608696,0.4830508474576271,0.6666666666666666
2017_16-1348,1,0.5174825174825175,0.6376811594202898,0.6148648648648649,0.5555555555555556
2011_10-1265,1,0.5232067510548524,0.5929203539823009,0.6209677419354839,0.5555555555555556
2014_13-684,1,0.5060975609756098,0.35802469135802467,0.5903614457831325,0.5555555555555556
2006_05-746,1,0.5102880658436214,0.5546218487394958,0.3064516129032258,0.7777777777777778
2012_11-1175,1,0.5159817351598174,0.2358490566037736,0.7345132743362832,0.5555555555555556
2010_09-11311,1,0.5043478260869565,0.5263157894736842,0.4051724137931034,0.5555555555555556
2019_18-6662,1,0.5252525252525253,0.44680851063829785,0.5,0.5555555555555556
2019_19-161,1,0.5141509433962265,0.5825242718446602,0.6146788990825688,0.5555555555555556
2006_05-1508,1,0.5132075471698113,0.3643410852713178,0.3235294117647059,0.7777777777777778
2016_15-606,1,0.5159574468085106,0.6153846153846154,0.6185567010309279,0.5
2015_14-857,1,0.5097087378640777,0.35148514851485146,0.3952380952380952,0.5555555555555556
2016_16-240,1,0.505,0.5757575757575758,0.44554455445544555,0.5555555555555556
2018_17-1077,1,0.5416666666666666,0.4772727272727273,0.625,0.5555555555555556
2010_09-1273,1,0.5113636363636364,0.38372093023255816,0.5111111111111111,0.5555555555555556
2016_15-497,1,0.5062761506276151,0.3474576271186441,0.6528925619834711,0.5
2019_18-935,1,0.5194174757281553,0.5151515151515151,0.6074766355140186,0.5555555555555556
2010_10-5400,1,0.510989010989011,0.2247191011235955,0.3655913978494624,0.5555555555555556
2007_07-552,1,0.5107142857142857,0.45985401459854014,0.2867132867132867,0.7777777777777778
2007_06-1666,1,0.5141065830721003,0.432258064516129,0.2682926829268293,0.7777777777777778
2007_06-1457,1,0.5099009900990099,0.5252525252525253,0.14563106796116504,0.7777777777777778
2008_07-1601,1,0.5107296137339056,0.40350877192982454,0.24369747899159663,0.7777777777777778
2007_06-9130,1,0.5060240963855421,0.43902439024390244,0.2619047619047619,0.7777777777777778
2012_12-133,1,0.5162790697674419,0.5480769230769231,0.4954954954954955,0.5555555555555556
2013_12-872,1,0.5129533678756477,0.0,0.46464646464646464,0.5555555555555556
2009_08-861,1,0.6521739130434783,0.75625,0.5233333333333333,0.6666666666666666
2019_18-6135,1,0.5358649789029536,0.4909090909090909,0.41732283464566927,0.5555555555555556
2011_10-224,1,0.507177033492823,0.3786407766990291,0.42452830188679247,0.5555555555555556
2014_13-1074,1,0.5125,0.5512820512820513,0.5121951219512195,0.5555555555555556
2019_18-1323,1,0.5130718954248366,0.4228187919463087,0.6878980891719745,0.5555555555555556
2007_06-1195,1,0.5128205128205128,0.38636363636363635,0.15,0.7777777777777778
2011_11-246,1,0.5220588235294118,0.6,0.4154929577464789,0.5555555555555556
2012_12-71,1,0.5071428571428571,0.5144927536231884,0.4647887323943662,0.5555555555555556
2015_15-5040,1,0.5181159420289855,0.48120300751879697,0.5454545454545454,0.5
2006_06-219,1,0.509375,0.5159235668789809,0.3374233128834356,0.7777777777777778
2005_05-465,1,0.51010101010101,0.5360824742268041,0.22772277227722773,0.7777777777777778
2013_12-7515,1,0.5165289256198347,0.46153846153846156,0.416,0.5555555555555556
2008_07-1372,1,0.5022421524663677,0.2702702702702703,0.29464285714285715,0.7777777777777778
2008_07-1122,1,0.50625,0.3291139240506329,0.24074074074074073,0.7777777777777778
2008_07-9995,1,0.5130434782608696,0.5089285714285714,0.2966101694915254,0.7777777777777778
2007_06-1322,1,0.50814332247557,0.46357615894039733,0.32051282051282054,0.7777777777777778
2013_12-462,1,0.5174129353233831,0.26804123711340205,0.46153846153846156,0.5555555555555556
2012_11-1160,1,0.5025125628140703,0.5353535353535354,0.64,0.5555555555555556
2014_13-894,1,0.5087719298245614,1.0,0.5,0.5555555555555556
2007_06-637,1,0.5025906735751295,0.4270833333333333,0.21649484536082475,0.7777777777777778
2015_14-1096,1,0.5230769230769231,0.5053763440860215,0.5686274509803921,0.5
2010_09-737,1,0.5167464114832536,0.504950495049505,0.5648148148148148,0.5555555555555556
2006_05-493,1,0.5211267605633803,0.504950495049505,0.2882882882882883,0.7777777777777778
2016_15-214,1,0.5179063360881543,0.5771428571428572,0.4946808510638298,0.5555555555555556
2015_15-446,1,0.5170731707317073,0.32323232323232326,0.5,0.5
2008_07-1239,1,0.5176991150442478,0.6146788990825688,0.2222222222222222,0.7777777777777778
2009_08-674,1,0.5131086142322098,0.6,0.48175182481751827,0.6666666666666666
2013_12-9490,1,0.512280701754386,0.49640287769784175,0.3287671232876712,0.5555555555555556
2015_14-1280,1,0.5108695652173914,0.37037037037037035,0.4326241134751773,0.5
2017_16-299,1,0.5221674876847291,0.3917525773195876,0.660377358490566,0.5555555555555556
2011_10-637,1,0.5096774193548387,0.618421052631579,0.3924050632911392,0.5555555555555556
2018_17-765,1,0.5269461077844312,0.4810126582278481,0.5568181818181818,0.5555555555555556
2008_07-10441,1,0.505,0.5252525252525253,0.2079207920792079,0.7777777777777778
2010_09-1279,1,0.5116279069767442,0.5873015873015873,0.42424242424242425,0.5555555555555556
2018_18-389,1,0.5147058823529411,0.35353535353535354,0.5523809523809524,0.5555555555555556
2010_09-996,1,0.5158730158730159,0.5,0.5769230769230769,0.5555555555555556
2009_08-1322,1,0.5057471264367817,0.4186046511627907,0.5833333333333334,0.6666666666666666
2018_17-1184,1,0.5253456221198156,0.2912621359223301,0.5789473684210527,0.5555555555555556
2018_17-1011,1,0.5166666666666667,0.2413793103448276,0.8064516129032258,0.5555555555555556
2005_04-1327,1,0.5042016806722689,0.64,0.24166666666666667,0.7777777777777778
2017_17-21,1,0.5337423312883436,0.5526315789473685,0.5747126436781609,0.5555555555555556
2008_07-543,1,0.5025380710659898,0.16326530612244897,0.15151515151515152,0.7777777777777778
2016_15-577,1,0.5263157894736842,0.47619047619047616,0.6214285714285714,0.5555555555555556
2005_04-1140,1,0.5083798882681564,0.5340909090909091,0.31868131868131866,0.7777777777777778
2013_12-7822,1,0.5028571428571429,0.5517241379310345,0.6022727272727273,0.5555555555555556
2012_11-697,1,0.5153061224489796,0.4421052631578947,0.7425742574257426,0.5555555555555556
2010_09-1498,1,0.5240641711229946,0.6292134831460674,0.5408163265306123,0.5555555555555556
2015_14-520,1,0.5341880341880342,0.4268292682926829,0.56,0.5
2016_16-348,1,0.5080645161290323,0.2786885245901639,0.5396825396825397,0.5555555555555556
2012_12-17,1,0.5083333333333333,0.5847457627118644,0.4098360655737705,0.5555555555555556
2006_05-608,1,0.5141388174807198,0.47619047619047616,0.285,0.7777777777777778
2009_08-1196,1,0.50199203187251,0.4596774193548387,0.3888888888888889,0.6666666666666666
2017_16-498,1,0.5239616613418531,0.4429530201342282,0.5304878048780488,0.5555555555555556
2015_14-8358,1,0.5373134328358209,0.5161290322580645,0.3888888888888889,0.5
2007_07-455,1,0.5177304964539007,0.4852941176470588,0.1917808219178082,0.7777777777777778
2009_08-1191,1,0.5103092783505154,0.4574468085106383,0.45454545454545453,0.6666666666666666
2019_18-776,1,0.5251396648044693,0.32941176470588235,0.4148936170212766,0.5555555555555556
2005_04-928,1,0.523936170212766,0.44692737430167595,0.28426395939086296,0.7777777777777778
2006_05-1429,1,0.508130081300813,0.4628099173553719,0.376,0.7777777777777778
2009_08-998,1,0.5028248587570622,0.6022727272727273,0.24719101123595505,0.6666666666666666
2013_13-298,1,0.507537688442211,0.6224489795918368,0.6534653465346535,0.5555555555555556
2011_10-1259,1,0.5119047619047619,0.44715447154471544,0.32558139534883723,0.5555555555555556
2005_04-1477,1,0.5174825174825175,0.463768115942029,0.27702702702702703,0.7777777777777778
2010_09-10245,1,0.5172413793103449,0.5396825396825397,0.5037037037037037,0.5555555555555556
2019_19-7,1,0.5387931034482759,0.14953271028037382,0.28,0.5555555555555556
2010_10-5258,1,0.5058823529411764,0.6666666666666666,0.46511627906976744,0.5555555555555556
2008_07-1015,1,0.5186721991701245,0.4482758620689655,0.296,0.7777777777777778
2015_14-981,1,0.5175644028103045,0.5194174757281553,0.3665158371040724,0.5
2018_18-15,1,0.5241935483870968,0.3983050847457627,0.46153846153846156,0.5555555555555556
2013_12-8561,1,0.5291666666666667,0.23893805309734514,0.4645669291338583,0.5555555555555556
2012_12-98,1,0.5263157894736842,0.5079365079365079,0.5714285714285714,0.5555555555555556
2012_11-9335,1,0.5384615384615384,0.4895833333333333,0.6160714285714286,0.5555555555555556
2014_14-103,1,0.507537688442211,0.336734693877551,0.693069306930693,0.5555555555555556
2007_07-371,1,0.5093632958801498,0.8636363636363636,0.2867647058823529,0.7777777777777778
2014_13-719,1,0.5209302325581395,0.4563106796116505,0.5446428571428571,0.5555555555555556
2011_10-9995,1,0.5053191489361702,0.45161290322580644,0.5578947368421052,0.5555555555555556
2010_09-1036,1,0.5158730158730159,0.45081967213114754,0.4307692307692308,0.5555555555555556
2007_06-7949,1,0.5086206896551724,0.6052631578947368,0.15254237288135594,0.7777777777777778
2010_09-400,1,0.5073891625615764,0.28,0.49514563106796117,0.5555555555555556
2013_11-681,1,0.5186567164179104,0.5038759689922481,0.26618705035971224,0.5555555555555556
2010_09-291,1,0.518348623853211,0.3142857142857143,0.36283185840707965,0.5555555555555556
2018_17-8151,1,0.5097087378640777,0.5346534653465347,0.49523809523809526,0.5555555555555556
2014_13-1428,1,0.5120481927710844,0.5802469135802469,0.4823529411764706,0.5555555555555556
2010_10-5443,1,0.5141700404858299,0.5083333333333333,0.4566929133858268,0.5555555555555556
2006_06-480,1,0.5072463768115942,0.3235294117647059,0.2761904761904762,0.7777777777777778
2007_06-179,1,0.5084033613445378,0.6068376068376068,0.24793388429752067,0.7777777777777778
2010_10-10,1,0.5186721991701245,0.3793103448275862,0.464,0.5555555555555556
2012_12-43,1,0.5175879396984925,0.46875,0.7572815533980582,0.5555555555555556
2019_18-1584,1,0.5401459854014599,0.5238095238095238,0.5878378378378378,0.5555555555555556
2015_15-674,1,0.5049751243781094,0.4472361809045226,0.5763546798029556,0.5
2013_12-930,1,0.504424778761062,0.5089285714285714,0.6140350877192983,0.5555555555555556
2006_05-1629,1,0.5142857142857142,0.4117647058823529,0.2777777777777778,0.7777777777777778
2013_12-138,1,0.5214723926380368,0.3717948717948718,0.47058823529411764,0.5555555555555556
2011_11-159,1,0.5223880597014925,0.3854166666666667,0.6095238095238096,0.5555555555555556
2005_05-8794,1,0.5095785440613027,0.5625,0.24812030075187969,0.7777777777777778
2006_05-1382,1,0.5035460992907801,0.45714285714285713,0.2535211267605634,0.7777777777777778
2012_12-547,1,0.5070921985815603,0.34532374100719426,0.45454545454545453,0.5555555555555556
2005_03-1238,1,0.5155709342560554,1.0,0.3691275167785235,0.7777777777777778
2010_09-1298,1,0.5146443514644351,0.47413793103448276,0.4796747967479675,0.5555555555555556
2011_10-577,1,0.5064935064935064,0.4473684210526316,0.6153846153846154,0.5555555555555556
2017_17-494,1,0.5443037974683544,0.4583333333333333,0.6162790697674418,0.5555555555555556
2012_11-1059,1,0.5233644859813084,0.45098039215686275,0.5357142857142857,0.5555555555555556
2006_05-705,1,0.5080213903743316,0.5652173913043478,0.14736842105263157,0.7777777777777778
2019_19-267,1,0.5702127659574469,0.40594059405940597,0.3656716417910448,0.5555555555555556
2013_13-317,1,0.510989010989011,0.5280898876404494,0.46236559139784944,0.5555555555555556
2008_07-1114,1,0.5104166666666666,0.5638297872340425,0.17346938775510204,0.7777777777777778
2009_08-538,1,0.5095238095238095,0.39805825242718446,0.48598130841121495,0.6666666666666666
2006_05-593,1,0.5051546391752577,1.0,0.32653061224489793,0.7777777777777778
2019_18-1501,1,0.5181818181818182,0.7169811320754716,0.49122807017543857,0.5555555555555556
2011_10-553,1,0.5127118644067796,0.6382978723404256,0.4214876033057851,0.5555555555555556
2007_07-77,1,0.5083333333333333,0.4661016949152542,0.2459016393442623,0.7777777777777778
2006_06-5306,1,0.5078125,0.5158730158730159,0.2692307692307692,0.7777777777777778
2008_07-544,1,0.506578947368421,0.7166666666666667,0.22077922077922077,0.7777777777777778
2019_18-556,1,0.5401459854014599,0.25925925925925924,0.43243243243243246,0.5555555555555556
2017_16-712,1,0.527972027972028,0.6781609195402298,0.423841059602649,0.5555555555555556
2018_17-1705,1,0.5370370370370371,0.5657142857142857,0.5320197044334976,0.5555555555555556
2016_16-309,1,0.5166163141993958,0.3875,0.5614035087719298,0.5555555555555556
2009_09-559,1,0.5164835164835165,0.56,0.30319148936170215,0.6666666666666666
2016_16-405,1,0.5306122448979592,0.2463768115942029,0.46153846153846156,0.5555555555555556
2005_04-1528,1,0.5186721991701245,0.3793103448275862,0.256,0.7777777777777778
2019_17-1678,1,0.5363636363636364,0.35294117647058826,0.6610169491525424,0.5555555555555556
2010_09-804,1,0.5263157894736842,0.4537037037037037,0.475,0.5555555555555556
2012_12-416,1,0.5055555555555555,0.34831460674157305,0.5824175824175825,0.5555555555555556
2013_13-354,1,0.5126582278481012,0.38961038961038963,0.3888888888888889,0.5555555555555556
2005_04-1067,1,0.5349544072948328,0.48366013071895425,0.21022727272727273,0.7777777777777778
2006_06-5247,1,0.5092592592592593,0.4095238095238095,0.2818181818181818,0.7777777777777778
2009_09-158,1,0.5025641025641026,0.5154639175257731,0.42857142857142855,0.6666666666666666
2017_17-530,1,0.5222222222222223,0.5348837209302325,0.5319148936170213,0.5555555555555556
2016_15-1194,1,0.5151515151515151,0.515625,0.6691176470588235,0.5555555555555556
2018_17-1091,1,0.5128205128205128,0.4842105263157895,0.44,0.5555555555555556
2017_16-784,1,0.5075187969924813,0.7099236641221374,0.674074074074074,0.5555555555555556
2016_15-777,1,0.5058139534883721,0.35294117647058826,0.5057471264367817,0.5
2008_07-1125,1,0.5023041474654378,0.49074074074074076,0.6055045871559633,0.7777777777777778
2017_142-orig,1,0.5107142857142857,0.5328467153284672,0.6643356643356644,0.5555555555555556
2009_138-orig,1,0.5136186770428015,0.216,0.3712121212121212,0.6666666666666666
2016_15-537,1,0.5167785234899329,0.6944444444444444,0.4935064935064935,0.5
2009_08-728,1,0.5072463768115942,0.4666666666666667,0.40714285714285714,0.6666666666666666
2010_09-837,1,0.5114503816793893,0.765625,0.6567164179104478,0.5555555555555556
2018_17-1299,1,0.5182926829268293,0.5822784810126582,0.6235294117647059,0.5555555555555556
2019_17-1712,1,0.5165562913907285,0.23972602739726026,0.42948717948717946,0.5555555555555556
2011_10-1062,1,0.5267857142857143,0.4811320754716981,0.4152542372881356,0.5555555555555556
2005_05-352,1,0.5128205128205128,0.5789473684210527,0.1,0.7777777777777778
2018_17-1625,1,0.5033112582781457,0.4533333333333333,0.6447368421052632,0.5555555555555556
2009_09-448,1,0.5053191489361702,0.22826086956521738,0.5578947368421052,0.6666666666666666
2008_07-1529,1,0.5263157894736842,0.46296296296296297,0.275,0.7777777777777778
2006_05-85,1,0.5083333333333333,0.42424242424242425,0.4918032786885246,0.7777777777777778
2014_12-1497,1,0.5018050541516246,0.35507246376811596,0.4748201438848921,0.5555555555555556
2012_11-1447,1,0.5069124423963134,0.42990654205607476,0.36363636363636365,0.5555555555555556
2012_12-399,1,0.5104166666666666,0.5035460992907801,0.4489795918367347,0.5555555555555556
2006_06-278,1,0.5110410094637224,0.2709677419354839,0.25925925925925924,0.7777777777777778
2008_07-751,1,0.510548523206751,0.35344827586206895,0.15702479338842976,0.7777777777777778
2015_15-145,1,0.5263157894736842,0.32098765432098764,0.7555555555555555,0.5
2015_14-1468,1,0.5294117647058824,0.4485294117647059,0.5490196078431373,0.5
2006_06-5618,1,0.5118110236220472,0.6129032258064516,0.35384615384615387,0.7777777777777778
2005_04-1144,1,0.5303030303030303,0.967741935483871,0.3142857142857143,0.7777777777777778
2011_11-182,1,0.5152542372881356,0.4125874125874126,0.34868421052631576,0.5555555555555556
2017_16-1144,1,0.5220338983050847,0.5035460992907801,0.525974025974026,0.5555555555555556
2016_15-1111,1,0.5085714285714286,0.4883720930232558,0.4943820224719101,0.5555555555555556
2018_17-1471,1,0.5243445692883895,0.5590551181102362,0.6357142857142857,0.5555555555555556
2010_09-525,1,0.5074183976261127,0.5120481927710844,0.5087719298245614,0.5555555555555556
2019_19-465,1,0.5507246376811594,0.6451612903225806,0.2807017543859649,0.5555555555555556
2009_08-992,1,0.5070422535211268,0.3904761904761905,0.4444444444444444,0.6666666666666666
2007_06-1164,1,0.5128205128205128,0.5394736842105263,0.35,0.7777777777777778
2012_12-142,1,0.5081081081081081,0.37362637362637363,0.6063829787234043,0.5555555555555556
2012_11-556,1,0.5079365079365079,0.46236559139784944,0.46875,0.5555555555555556
2009_08-810,1,0.5071428571428571,0.5328467153284672,0.39436619718309857,0.6666666666666666
2018_17-1042,1,0.5039370078740157,0.3968253968253968,0.421875,0.5555555555555556
2013_13-115,1,0.5296442687747036,0.5462184873949579,0.373134328358209,0.5555555555555556
2017_15-1509,1,0.5082644628099173,0.4957983193277311,0.4146341463414634,0.5555555555555556
2005_05-130,1,0.506578947368421,0.4533333333333333,0.23376623376623376,0.7777777777777778
2010_09-1533,1,0.5099009900990099,0.5858585858585859,0.5048543689320388,0.5555555555555556
2012_12-246,1,0.5064935064935064,0.4649122807017544,0.6495726495726496,0.5555555555555556
2011_10-507,1,0.5083333333333333,0.3474576271186441,0.4016393442622951,0.5555555555555556
2011_10-1542,1,0.5046296296296297,0.4766355140186916,0.43119266055045874,0.5555555555555556
2014_13-1314,1,0.5172413793103449,0.5,0.44761904761904764,0.5555555555555556
2019_19-715,1,0.59375,0.3076923076923077,0.3026315789473684,0.5555555555555556
2011_11-204,1,0.5148148148148148,0.3053435114503817,0.45323741007194246,0.5555555555555556
2014_12-1226,1,0.5260869565217391,0.3211009174311927,0.6198347107438017,0.5555555555555556
2014_13-1175,1,0.5201149425287356,0.30538922155688625,0.3425414364640884,0.5555555555555556
2018_18-281,1,0.5307262569832403,0.34523809523809523,0.5052631578947369,0.5555555555555556
2009_08-1151,1,0.5203488372093024,0.4817073170731707,0.2737430167597765,0.6666666666666666
2014_13-7451,1,0.5252918287937743,0.4672131147540984,0.5407407407407407,0.5555555555555556
2014_13-517,1,0.5047619047619047,0.6730769230769231,0.2830188679245283,0.5555555555555556
2012_12-207,1,0.5080645161290323,0.27049180327868855,0.4444444444444444,0.5555555555555556
2007_06-1431,1,0.5138461538461538,0.569620253164557,0.24550898203592814,0.7777777777777778
2009_08-680,1,0.5121951219512195,0.33125,0.32142857142857145,0.6666666666666666
2005_05-200,1,0.506896551724138,0.5454545454545454,0.2789115646258503,0.7777777777777778
2017_15-1204,2,0.5165692007797271,0.3671497584541063,0.6226415094339622,0.5555555555555556
2018_18-315,1,0.5276073619631901,0.5454545454545454,0.2558139534883721,0.5555555555555556
2011_10-875,1,0.5,0.5408163265306123,0.6530612244897959,0.5555555555555556
2019_18-9526,1,0.6066350710900474,0.3132530120481928,0.328125,0.5555555555555556
2011_10-1001,1,0.5150214592274678,0.5309734513274337,0.5916666666666667,0.5555555555555556
2015_14-1373,1,0.5217391304347826,0.2636363636363636,0.475,0.5
2010_10-313,1,0.5040650406504065,0.3524590163934426,0.47580645161290325,0.5555555555555556
2012_12-126,1,0.5192307692307693,0.496,0.5703703703703704,0.5555555555555556
2016_15-1256,1,0.5075187969924813,0.5419847328244275,0.6444444444444445,0.5555555555555556
2018_17-1717,1,0.5180722891566265,0.455,0.44651162790697674,0.5555555555555556
2008_07-10374,1,0.5063829787234042,0.3620689655172414,0.21008403361344538,0.7777777777777778
2014_13-9026,1,0.5174129353233831,0.5567010309278351,0.40384615384615385,0.5555555555555556
2012_12-96,1,0.525691699604743,0.5333333333333333,0.40601503759398494,0.5555555555555556
2008_08-453,1,0.5123152709359606,0.5151515151515151,0.28846153846153844,0.7777777777777778
2009_08-9156,1,0.5020746887966805,0.5,0.5454545454545454,0.6666666666666666
2019_18-328,1,0.5333333333333333,0.5384615384615384,0.6153846153846154,0.5555555555555556
2005_04-1084,1,0.5266106442577031,0.514792899408284,0.22340425531914893,0.7777777777777778
2016_16-341,1,0.5072463768115942,0.4411764705882353,0.6857142857142857,0.5555555555555556
2011_10-1293,1,0.5168539325842697,0.37209302325581395,0.40217391304347827,0.5555555555555556
2016_15-1500,1,0.5106382978723404,0.32608695652173914,0.6979166666666666,0.5555555555555556
2014_13-1487,1,0.5170731707317073,0.3838383838383838,0.49056603773584906,0.5555555555555556
2017_17-586,1,0.5348837209302325,0.5333333333333333,0.47101449275362317,0.5555555555555556
2012_11-1025,1,0.5095238095238095,0.5048543689320388,0.5420560747663551,0.5555555555555556
2012_12-25,1,0.5107296137339056,0.4824561403508772,0.6386554621848739,0.5555555555555556
2013_13-316,1,0.5137254901960784,0.47580645161290325,0.4961832061068702,0.5555555555555556
2016_15-8049,1,0.5089820359281437,0.5609756097560976,0.5882352941176471,0.5
2018_17-1201,1,0.5198412698412699,0.4049586776859504,0.549618320610687,0.5555555555555556
2012_11-1518,1,0.5069767441860465,0.4056603773584906,0.5963302752293578,0.5555555555555556
2018_17-1657,1,0.5056179775280899,0.38636363636363635,0.7333333333333333,0.5555555555555556
2008_08-289,1,0.5165289256198347,0.47863247863247865,0.176,0.7777777777777778
2008_08-495,1,0.5265700483091788,0.4387755102040816,0.1926605504587156,0.7777777777777778
2011_10-218,1,0.5046296296296297,0.24299065420560748,0.4954128440366973,0.5555555555555556
2010_09-993,1,0.5146443514644351,0.3793103448275862,0.37398373983739835,0.5555555555555556
2008_08-441,1,0.5045871559633027,0.35185185185185186,0.33636363636363636,0.7777777777777778
2006_05-998,1,0.5040983606557377,0.371900826446281,0.3983739837398374,0.7777777777777778
2013_12-1117,1,0.5092250922509225,0.21804511278195488,0.2246376811594203,0.5555555555555556
2019_18-8369,1,0.5196850393700787,0.45901639344262296,0.3939393939393939,0.5555555555555556
2005_04-1264,1,0.5099337748344371,0.5,0.3246753246753247,0.7777777777777778
2014_13-1402,1,0.5342465753424658,1.0,0.47863247863247865,0.5555555555555556
2011_10-1104,1,0.5067264573991032,0.3181818181818182,0.5752212389380531,0.5555555555555556
2012_12-62,1,0.519650655021834,0.6090909090909091,0.46218487394957986,0.5555555555555556
2019_18-107,1,0.5149253731343284,0.23846153846153847,0.6231884057971014,0.5555555555555556
2007_06-1321,1,0.5060728744939271,0.4918032786885246,0.384,0.7777777777777778
2019_18-725,1,0.5327510917030568,0.5514018691588785,0.639344262295082,0.5555555555555556
2014_13-895,1,0.5039370078740157,0.5476190476190477,0.3828125,0.5555555555555556
2015_14-916,1,0.5125,0.42735042735042733,0.6178861788617886,0.5
2015_15-274,1,0.5391566265060241,0.3464052287581699,0.5642458100558659,0.5
2007_07-21,1,0.50814332247557,0.5033112582781457,0.16666666666666666,0.7777777777777778
2007_06-939,1,0.5058823529411764,0.1984126984126984,0.2248062015503876,0.7777777777777778
2013_12-786,1,0.5176470588235295,0.48484848484848486,0.5113636363636364,0.5555555555555556
2012_11-184,1,0.5065502183406113,0.504424778761062,0.5603448275862069,0.5555555555555556
2017_17-965,1,0.5109289617486339,0.6201117318435754,0.5775401069518716,0.5555555555555556
2007_06-1456,1,0.5099337748344371,0.5608108108108109,0.2012987012987013,0.7777777777777778
2006_05-669,1,0.5047619047619047,0.5256410256410257,0.07547169811320754,0.7777777777777778
2005_04-1329,1,0.5167464114832536,0.5643564356435643,0.3425925925925926,0.7777777777777778
2012_12-357,1,0.5114155251141552,0.3925233644859813,0.5178571428571429,0.5555555555555556
2018_17-9560,1,0.5246913580246914,0.38311688311688313,0.38235294117647056,0.5555555555555556
2016_14-1055,1,0.5,0.2916666666666667,0.7916666666666666,0.5
2012_11-460,1,0.504950495049505,0.42,0.3202614379084967,0.5555555555555556
2009_08-604,1,0.5087719298245614,0.5089285714285714,0.4396551724137931,0.6666666666666666
2011_10-680,1,0.5066666666666667,0.21621621621621623,0.42105263157894735,0.5555555555555556
2011_11-139,1,0.5088757396449705,0.5542168674698795,0.5,0.5555555555555556
2017_17-312,1,0.5374149659863946,0.6029411764705882,0.6455696202531646,0.5555555555555556
2010_09-479,1,0.5126903553299492,0.5157894736842106,0.4752475247524752,0.5555555555555556
2015_15-233,1,0.5,0.5684210526315789,0.9157894736842105,0.5
2006_05-1541,1,0.5036496350364964,0.6029411764705882,0.3333333333333333,0.7777777777777778
2010_10-235,1,0.504424778761062,0.5267857142857143,0.42105263157894735,0.5555555555555556
2006_05-1240,1,0.5119617224880383,0.6764705882352942,0.2523364485981308,0.7777777777777778
2017_16-1466,1,0.5113636363636364,0.27906976744186046,0.562962962962963,0.5555555555555556
2016_15-423,1,0.5145631067961165,0.34,0.6132075471698113,0.5555555555555556
2014_13-1019,1,0.5107692307692308,0.5031446540880503,0.463855421686747,0.5555555555555556
2010_09-6822,1,0.5117647058823529,0.7951807228915663,0.45977011494252873,0.5555555555555556
2014_13-1080,1,0.5138888888888888,0.5619047619047619,0.4864864864864865,0.5555555555555556
2019_18-7739,1,0.5648854961832062,0.3333333333333333,0.36486486486486486,0.5555555555555556
2015_14-840,1,0.5136986301369864,0.4507042253521127,0.4666666666666667,0.5555555555555556
2015_14-8349,1,0.5358255451713395,0.348993288590604,0.6162790697674418,0.5
2018_17-532,1,0.5254237288135594,0.35714285714285715,0.3467741935483871,0.5555555555555556
2015_15-415,1,0.5230769230769231,0.3763440860215054,0.6372549019607843,0.5
2009_08-1569,1,0.5207100591715976,0.7037037037037037,0.29545454545454547,0.6666666666666666
2012_11-9307,1,0.5139664804469274,0.4942528735632184,0.5,0.5555555555555556
2009_09-337,1,0.5188679245283019,0.3137254901960784,0.5272727272727272,0.6666666666666666
2005_05-5705,1,0.5066666666666667,0.4797297297297297,0.29605263157894735,0.7777777777777778
2011_11-94,1,0.5068493150684932,0.49074074074074076,0.43243243243243246,0.5555555555555556
2011_11-45,1,0.5058365758754864,0.5826771653543307,0.5538461538461539,0.5555555555555556
2009_08-7412,1,0.5225563909774437,0.5275590551181102,0.28776978417266186,0.6666666666666666
2008_07-1059,1,0.5026737967914439,0.45161290322580644,0.22340425531914893,0.7777777777777778
2018_17-988,1,0.5215686274509804,0.48360655737704916,0.6691729323308271,0.5555555555555556
2007_06-1005,1,0.5161290322580645,0.5,0.125,0.7777777777777778
2008_08-67,1,0.5028901734104047,0.38372093023255816,0.27586206896551724,0.7777777777777778
2005_04-1618,1,0.5067567567567568,0.4246575342465753,0.10666666666666667,0.7777777777777778
2006_05-908,1,0.5203619909502263,0.4716981132075472,0.21739130434782608,0.7777777777777778
2011_11-393,4,0.5222672064777328,0.7033898305084746,0.49612403100775193,0.5555555555555556
2016_16-373,1,0.5051020408163265,0.5773195876288659,0.5959595959595959,0.5555555555555556
2019_18-587,1,0.515625,0.5161290322580645,0.45454545454545453,0.5555555555555556
2007_06-571,1,0.514018691588785,0.47115384615384615,0.23636363636363636,0.7777777777777778
2007_06-1505,1,0.5099337748344371,0.40540540540540543,0.19480519480519481,0.7777777777777778
2009_08-911,1,0.5117370892018779,0.5769230769230769,0.3577981651376147,0.6666666666666666
2010_09-10876,1,0.5212355212355212,0.5483870967741935,0.34814814814814815,0.5555555555555556
2016_15-1406,1,0.509090909090909,0.5432098765432098,0.6547619047619048,0.5555555555555556
2018_17-778,1,0.5093457943925234,0.5523809523809524,0.41284403669724773,0.5555555555555556
2018_17-646,1,0.5147540983606558,0.6148648648648649,0.5159235668789809,0.5555555555555556
2016_15-1262,1,0.5241379310344828,0.391304347826087,0.6052631578947368,0.5555555555555556
2007_06-923,1,0.5038461538461538,0.5038759689922481,0.26717557251908397,0.7777777777777778
2006_06-531,1,0.5138888888888888,0.2571428571428571,0.28378378378378377,0.7777777777777778
2010_10-98,1,0.5149253731343284,0.6,0.2898550724637681,0.5555555555555556
2017_16-1371,1,0.5400696864111498,0.4772727272727273,0.5548387096774193,0.5555555555555556
2008_07-615,1,0.5048543689320388,0.4880952380952381,0.5096153846153846,0.7777777777777778
2018_16-1094,1,0.5225225225225225,0.41509433962264153,0.4482758620689655,0.5555555555555556
2008_08-681,1,0.5113636363636364,0.5813953488372093,0.3,0.7777777777777778
2018_18-489,1,0.5083798882681564,0.4090909090909091,0.3076923076923077,0.5555555555555556
2017_16-285,1,0.5289855072463768,0.6153846153846154,0.5342465753424658,0.5555555555555556
2008_07-1356,1,0.5045871559633027,0.24074074074074073,0.36363636363636365,0.7777777777777778
2013_13-193,1,0.5195530726256983,0.7027027027027027,0.5161290322580645,0.5555555555555556
2005_04-433,1,0.5154639175257731,0.3617021276595745,0.3,0.7777777777777778
2006_05-1345,1,0.5078740157480315,0.44,0.13178294573643412,0.7777777777777778
2005_04-759,1,0.5183673469387755,0.5084745762711864,0.2204724409448819,0.7777777777777778
2009_08-7621,1,0.5167464114832536,0.5544554455445545,0.5370370370370371,0.6666666666666666
2005_05-259,1,0.5191489361702127,0.5132743362831859,0.36885245901639346,0.7777777777777778
2019_18-1048,1,0.5219298245614035,0.25688073394495414,0.5462184873949579,0.5555555555555556
2007_07-290,1,0.5148247978436657,0.4222222222222222,0.15706806282722513,0.7777777777777778
2010_10-114,1,0.5023696682464455,0.4857142857142857,0.4811320754716981,0.5555555555555556
2015_15-339,1,0.5114942528735632,0.4235294117647059,0.5955056179775281,0.5
2010_09-1403,1,0.5095541401273885,0.5454545454545454,0.45,0.5555555555555556
2015_14-280,1,0.5149501661129569,0.1780821917808219,0.5612903225806452,0.5555555555555556
2009_08-1107,1,0.5034013605442177,0.5068493150684932,0.6216216216216216,0.6666666666666666
2005_05-83,1,0.5095238095238095,0.27184466019417475,0.102803738317757,0.7777777777777778
2010_09-1343,1,0.5157068062827225,0.3567567567567568,0.49238578680203043,0.5555555555555556
2012_11-702,1,0.5036231884057971,0.5547445255474452,0.6187050359712231,0.5555555555555556
2012_12-418,1,0.504950495049505,0.49,0.4215686274509804,0.5555555555555556
2012_11-465,1,0.5151515151515151,0.4875,0.5411764705882353,0.5555555555555556
2017_16-534,1,0.515625,0.7419354838709677,0.696969696969697,0.5555555555555556
2019_18-1195,1,0.5226480836236934,0.25547445255474455,0.56,0.5555555555555556
2017_16-1432,1,0.52,0.6296296296296297,0.47863247863247865,0.5555555555555556
2014_13-1174,1,0.5038759689922481,0.609375,0.7076923076923077,0.5555555555555556
2008_06-1595,1,0.5120967741935484,0.30578512396694213,0.1968503937007874,0.7777777777777778
2012_11-345,1,0.5071428571428571,0.45893719806763283,0.3615023474178404,0.5555555555555556
2019_18-565,1,0.5043859649122807,0.4424778761061947,0.5739130434782609,0.5555555555555556
2013_12-729,1,0.5039370078740157,0.30158730158730157,0.5859375,0.5555555555555556
2014_13-1352,1,0.5174418604651163,0.3253012048192771,0.5280898876404494,0.5555555555555556
2017_15-1498,2,0.5118733509234829,0.7681159420289855,0.4896907216494845,0.5555555555555556
2010_09-868,1,0.5090361445783133,0.5276073619631901,0.591715976331361,0.5555555555555556
2014_13-935,1,0.5111111111111111,0.29545454545454547,0.5942028985507246,0.5555555555555556
2006_06-562,1,0.5025380710659898,0.6020408163265306,0.23232323232323232,0.7777777777777778
2007_07-6053,1,0.5219123505976095,0.6,0.3053435114503817,0.7777777777777778
2013_12-5196,1,0.5102040816326531,0.7916666666666666,0.6133333333333333,0.5555555555555556
2017_16-1454,1,0.51440329218107,0.5254237288135594,0.6,0.5555555555555556
2017_16-1362,1,0.552,0.5178571428571429,0.5797101449275363,0.5555555555555556
2017_17-155,1,0.5185185185185185,0.5128205128205128,0.6785714285714286,0.5555555555555556
2015_14-1516,1,0.5148148148148148,0.32061068702290074,0.5251798561151079,0.5555555555555556
2019_18-1334,1,0.5263157894736842,0.24691358024691357,0.5777777777777777,0.5555555555555556
2014_14-15,1,0.5254237288135594,0.26785714285714285,0.5967741935483871,0.5555555555555556
2015_14-1513,1,0.5151515151515151,0.3229166666666667,0.7156862745098039,0.5
2018_17-7505,1,0.5257731958762887,0.6086956521739131,0.6078431372549019,0.5555555555555556
2015_14-1209,1,0.5174603174603175,0.29605263157894735,0.558282208588957,0.5
2008_07-1410,1,0.510989010989011,0.33707865168539325,0.27956989247311825,0.7777777777777778
2015_15-6092,1,0.5159817351598174,0.6981132075471698,0.7345132743362832,0.5
2005_05-502,1,0.5110294117647058,0.518796992481203,0.18705035971223022,0.7777777777777778
2005_04-1506,1,0.5136054421768708,0.5664335664335665,0.17218543046357615,0.7777777777777778
2010_09-115,1,0.5045045045045045,0.4,0.39285714285714285,0.5555555555555556
2008_06-1249,1,0.5048076923076923,0.14563106796116504,0.17142857142857143,0.7777777777777778
2015_14-510,1,0.5038167938931297,0.7230769230769231,0.696969696969697,0.5555555555555556
2006_06-376,1,0.5201793721973094,0.4205607476635514,0.3103448275862069,0.7777777777777778
2009_08-964,1,0.5069124423963134,0.6226415094339622,0.45454545454545453,0.6666666666666666
2006_05-848,1,0.5046296296296297,0.4205607476635514,0.23853211009174313,0.7777777777777778
2007_06-1463,1,0.5119453924914675,0.34265734265734266,0.30666666666666664,0.7777777777777778
2018_17-587,1,0.5174825174825175,0.5797101449275363,0.7162162162162162,0.5555555555555556
2007_07-440,1,0.5159235668789809,0.506578947368421,0.2345679012345679,0.7777777777777778
2010_10-382,1,0.5111111111111111,0.3977272727272727,0.41304347826086957,0.5555555555555556
2012_11-820,1,0.5026455026455027,0.6382978723404256,0.5052631578947369,0.5555555555555556
2008_08-22,1,0.516245487364621,0.48507462686567165,0.11888111888111888,0.7777777777777778
2017_16-424,1,0.5223880597014925,0.5729166666666666,0.4380952380952381,0.5555555555555556
2013_12-1038,1,0.5135135135135135,0.37962962962962965,0.42105263157894735,0.5555555555555556
2016_16-149,1,0.5104895104895105,0.3142857142857143,0.4246575342465753,0.5555555555555556
2016_16-254,1,0.504424778761062,0.42857142857142855,0.7368421052631579,0.5555555555555556
2012_11-1231,1,0.5076142131979695,0.29896907216494845,0.62,0.5555555555555556
2008_08-6,1,0.5244565217391305,0.3942857142857143,0.20207253886010362,0.7777777777777778
2011_10-209,1,0.5143884892086331,0.2814814814814815,0.44755244755244755,0.5555555555555556
2009_08-472,1,0.7347826086956522,0.0,0.5384615384615384,0.6666666666666666
2006_06-102,1,0.5111111111111111,0.42857142857142855,0.391304347826087,0.7777777777777778
2019_19-518,1,0.5619047619047619,0.4891304347826087,0.288135593220339,0.5555555555555556
2011_11-262,1,0.5065502183406113,0.21238938053097345,0.5258620689655172,0.5555555555555556
2008_07-1223,1,0.508130081300813,0.45454545454545453,0.36,0.7777777777777778
2014_13-1499,1,0.5173913043478261,0.5405405405405406,0.5462184873949579,0.5555555555555556
2013_12-1146,1,0.5096774193548387,0.48026315789473684,0.5443037974683544,0.5555555555555556
2010_10-779,1,0.5075187969924813,0.366412213740458,0.3111111111111111,0.5555555555555556
2006_05-9264,1,0.5136363636363637,0.4485981308411215,0.1592920353982301,0.7777777777777778
2011_10-1320,1,0.5130890052356021,0.6236559139784946,0.5816326530612245,0.5555555555555556
2005_04-1527,1,0.5117647058823529,0.43373493975903615,0.14367816091954022,0.7777777777777778
2006_05-785,1,0.5272727272727272,0.5192307692307693,0.1810344827586207,0.7777777777777778
2007_06-1082,1,0.5063829787234042,0.45689655172413796,0.21008403361344538,0.7777777777777778
2007_06-11612,1,0.5037037037037037,0.6567164179104478,0.1323529411764706,0.7777777777777778
2012_11-1327,1,0.5120772946859904,0.6237623762376238,0.5849056603773585,0.5555555555555556
2014_13-983,1,0.5136186770428015,0.552,0.3484848484848485,0.5555555555555556
2013_12-682,1,0.5048543689320388,0.38235294117647056,0.3269230769230769,0.5555555555555556
2011_10-1261,1,0.5072463768115942,0.4411764705882353,0.5857142857142857,0.5555555555555556
2013_12-1173,1,0.515625,0.49193548387096775,0.5606060606060606,0.5555555555555556
2006_06-5754,1,0.5147058823529411,0.5353535353535354,0.3142857142857143,0.7777777777777778
2015_14-915,1,0.5137362637362637,0.5649717514124294,0.5187165775401069,0.5
2008_07-772,1,0.5215311004784688,0.57,0.3211009174311927,0.7777777777777778
2017_16-460,1,0.5117370892018779,0.2980769230769231,0.7247706422018348,0.5555555555555556
2009_08-240,1,0.5078125,0.40476190476190477,0.38461538461538464,0.6666666666666666
2019_18-260,1,0.5405405405405406,0.36134453781512604,0.4714285714285714,0.5555555555555556
2008_07-581,1,0.527027027027027,0.45714285714285713,0.2564102564102564,0.7777777777777778
2011_10-1016,1,0.5208333333333334,0.5217391304347826,0.52,0.5555555555555556
2010_09-571,1,0.5166666666666667,0.4896551724137931,0.535483870967742,0.5555555555555556
2013_12-1493,1,0.52,0.4375,0.3173076923076923,0.5555555555555556
2005_04-1371,1,0.5034965034965035,0.34507042253521125,0.2708333333333333,0.7777777777777778
2009_08-586,1,0.5023696682464455,0.34285714285714286,0.39622641509433965,0.6666666666666666
2009_08-1065,1,0.5021459227467812,0.3620689655172414,0.28205128205128205,0.6666666666666666
2008_08-108,1,0.5123152709359606,0.6060606060606061,0.3076923076923077,0.7777777777777778
2008_07-1209,1,0.5051546391752577,0.5208333333333334,0.3163265306122449,0.7777777777777778
2006_05-1575,1,0.5129310344827587,0.5357142857142857,0.13445378151260504,0.7777777777777778
2012_10-930,2,0.5026595744680851,0.3850267379679144,0.4074074074074074,0.5555555555555556
2017_16-1435,1,0.5157894736842106,0.5507246376811594,0.41496598639455784,0.5555555555555556
2013_12-895,1,0.5061224489795918,0.6611570247933884,0.3064516129032258,0.5555555555555556
2008_08-322,1,0.5019455252918288,0.44881889763779526,0.24031007751937986,0.7777777777777778
2008_08-598,1,0.5107913669064749,0.39705882352941174,0.4225352112676056,0.7777777777777778
2013_11-965,1,0.5177865612648221,0.36885245901639346,0.5038167938931297,0.5555555555555556
2018_18-266,1,0.5060975609756098,0.48148148148148145,0.7469879518072289,0.5555555555555556
2010_10-76,1,0.5151515151515151,0.265625,0.4411764705882353,0.5555555555555556
2007_06-766,1,0.5117370892018779,0.4326923076923077,0.1559633027522936,0.7777777777777778
2010_08-1423,1,0.5120481927710844,0.5061728395061729,0.5294117647058824,0.5555555555555556
2017_17-387,1,0.5380952380952381,0.41237113402061853,0.5221238938053098,0.5555555555555556
2019_18-6943,1,0.5157232704402516,0.4025974025974026,0.524390243902439,0.5555555555555556
2008_08-267,1,0.5174825174825175,0.0,0.34459459459459457,0.7777777777777778
2016_15-680,1,0.5103092783505154,0.5263157894736842,0.5151515151515151,0.5
2018_18-422,1,0.5308641975308642,0.47368421052631576,0.4108527131782946,0.5555555555555556
2007_06-713,1,0.5254237288135594,0.5892857142857143,0.08870967741935484,0.7777777777777778
2005_04-373,1,0.5274914089347079,0.5454545454545454,0.2280130293159609,0.7777777777777778
2006_05-11284,1,0.5176470588235295,0.4146341463414634,0.36363636363636365,0.7777777777777778
2009_08-1224,1,0.7125,0.0,0.5263157894736842,0.6666666666666666
2015_15-5238,1,0.5174603174603175,0.28289473684210525,0.5828220858895705,0.5
2005_04-1203,1,0.5102040816326531,0.4791666666666667,0.26,0.7777777777777778
2005_04-721,1,0.5259593679458239,0.6333333333333333,0.40772532188841204,0.7777777777777778
2006_05-1284,1,0.5027027027027027,0.3804347826086957,0.23655913978494625,0.7777777777777778
2016_15-1031,1,0.5105263157894737,0.3548387096774194,0.6288659793814433,0.5555555555555556
2005_04-593,1,0.5238095238095238,0.38,0.3,0.7777777777777778
2019_18-801,1,0.5406976744186046,0.5822784810126582,0.6021505376344086,0.5555555555555556
2005_05-184,1,0.5053763440860215,0.4076086956521739,0.1276595744680851,0.7777777777777778
2005_04-698,1,0.5138121546961326,0.44886363636363635,0.25268817204301075,0.7777777777777778
2016_15-1189,1,0.5,0.5319148936170213,0.5531914893617021,0.5555555555555556
2010_09-5801,1,0.510752688172043,0.4725274725274725,0.5894736842105263,0.5555555555555556
2012_12-123,1,0.5125,0.5384615384615384,0.6178861788617886,0.5555555555555556
2007_07-474,1,0.5126353790613718,0.48148148148148145,0.2676056338028169,0.7777777777777778
2007_06-1037,1,0.5301204819277109,0.46153846153846156,0.36363636363636365,0.7777777777777778
2015_14-6166,1,0.5107296137339056,0.39473684210526316,0.3865546218487395,0.5
2013_12-1128,1,0.5027027027027027,0.14130434782608695,0.6021505376344086,0.5555555555555556
2006_06-134,1,0.5091575091575091,0.373134328358209,0.26618705035971224,0.7777777777777778
2015_14-462,1,0.5117370892018779,0.6923076923076923,0.6055045871559633,0.5555555555555556
2012_12-307,1,0.5078125,0.21693121693121692,0.4,0.5555555555555556
2006_05-380,1,0.5024630541871922,0.43564356435643564,0.30392156862745096,0.7777777777777778
2010_09-1088,1,0.5299539170506913,0.5882352941176471,0.4956521739130435,0.5555555555555556
2006_06-413,1,0.5227272727272727,0.3333333333333333,0.15942028985507245,0.7777777777777778
2014_14-114,1,0.5182926829268293,0.5632911392405063,0.5176470588235295,0.5555555555555556
2005_04-1495,1,0.5190217391304348,0.3615819209039548,0.3193717277486911,0.7777777777777778
2017_17-269,1,0.5172413793103449,0.5142857142857142,0.5533333333333333,0.5555555555555556
2012_11-8976,1,0.5136986301369864,0.5352112676056338,0.42,0.5555555555555556
2010_08-1314,1,0.5,0.34831460674157305,0.4888888888888889,0.5555555555555556
2011_11-713,1,0.5168067226890757,0.3652173913043478,0.3983739837398374,0.5555555555555556
2010_09-1156,1,0.5023923444976076,0.5576923076923077,0.42857142857142855,0.5555555555555556
2007_07-312,1,0.5175438596491229,0.5454545454545454,0.3135593220338983,0.7777777777777778
2009_132-orig,1,0.5054945054945055,0.65,0.6521739130434783,0.6666666666666666
2012_11-889,1,0.5063829787234042,0.29310344827586204,0.5126050420168067,0.5555555555555556
2013_12-315,1,0.5068493150684932,0.39814814814814814,0.36936936936936937,0.5555555555555556
2010_09-1227,1,0.5031055900621118,0.6875,0.4444444444444444,0.5555555555555556
2017_16-1495,1,0.5181159420289855,0.2556390977443609,0.6223776223776224,0.5555555555555556
2016_16-142,1,0.5118483412322274,0.2815533980582524,0.6481481481481481,0.5555555555555556
2008_105-orig,1,0.5089605734767025,0.5401459854014599,0.31690140845070425,0.7777777777777778
2014_13-854,1,0.5223880597014925,0.3958333333333333,0.580952380952381,0.5555555555555556
2017_16-980,1,0.5135135135135135,0.345679012345679,0.6198830409356725,0.5555555555555556
2008_07-665,1,0.5050167224080268,0.32432432432432434,0.16556291390728478,0.7777777777777778
2013_12-1408,1,0.5045871559633027,0.4074074074074074,0.43636363636363634,0.5555555555555556
2007_07-214,1,0.504,0.4435483870967742,0.29365079365079366,0.7777777777777778
2006_05-1589,1,0.5041322314049587,0.45,0.23770491803278687,0.7777777777777778
2019_18-1233,1,0.512,0.5163934426229508,0.609375,0.5555555555555556
2018_18-6210,1,0.5241935483870968,0.5847457627118644,0.5923076923076923,0.5555555555555556
2007_06-1509,1,0.5060728744939271,0.4098360655737705,0.272,0.7777777777777778
2012_12-484,1,0.5089820359281437,0.45121951219512196,0.4470588235294118,0.5555555555555556
2009_08-1200,1,0.507177033492823,0.3235294117647059,0.5094339622641509,0.6666666666666666
2012_11-9953,1,0.5247148288973384,0.528,0.5,0.5555555555555556
2017_16-1276,1,0.5058139534883721,0.2235294117647059,0.45977011494252873,0.5555555555555556
2010_08-1448,1,0.5178571428571429,0.5037037037037037,0.42758620689655175,0.5555555555555556
2018_17-1104,1,0.5154185022026432,0.4090909090909091,0.4358974358974359,0.5555555555555556
2015_14-1375,1,0.502092050209205,0.42857142857142855,0.6416666666666667,0.5
2016_15-1391,1,0.5054545454545455,0.4852941176470588,0.6402877697841727,0.5
2008_07-1216,1,0.5043859649122807,0.4778761061946903,0.40869565217391307,0.7777777777777778
2014_13-1041,1,0.5056179775280899,0.5795454545454546,0.45555555555555555,0.5555555555555556
2006_06-8120,1,0.5095785440613027,0.5625,0.15037593984962405,0.7777777777777778
2017_16-111,1,0.5417439703153989,0.22267206477732793,0.5273972602739726,0.5555555555555556
2007_06-6911,1,0.5046728971962616,0.7169811320754716,0.14814814814814814,0.7777777777777778
2017_16-476,1,0.5127272727272727,0.582089552238806,0.5886524822695035,0.5555555555555556
2006_06-427,1,0.5043103448275862,0.26956521739130435,0.2905982905982906,0.7777777777777778
2019_17-1618,1,0.5252525252525253,0.7801418439716312,0.5512820512820513,0.5555555555555556
2005_04-881,1,0.5023041474654378,0.7129629629629629,0.3944954128440367,0.7777777777777778
2015_15-7,1,0.5163043478260869,0.5393258426966292,0.6105263157894737,0.5
2009_08-304,1,0.5063291139240507,0.5952380952380952,0.38333333333333336,0.6666666666666666
2007_07-330,1,0.522633744855967,0.31896551724137934,0.23622047244094488,0.7777777777777778
2006_05-1256,1,0.5079365079365079,0.5268817204301075,0.25,0.7777777777777778
2013_12-842,1,0.5084745762711864,0.2672413793103448,0.44166666666666665,0.5555555555555556
2018_17-1094,1,0.5426008968609866,0.47058823529411764,0.5371900826446281,0.5555555555555556
2012_12-135,1,0.5238095238095238,0.3888888888888889,0.41414141414141414,0.5555555555555556
2013_12-414,1,0.5058139534883721,0.23529411764705882,0.4827586206896552,0.5555555555555556
2010_09-150,1,0.5224913494809689,0.3333333333333333,0.32450331125827814,0.5555555555555556
2017_17-5716,1,0.5042735042735043,0.5,0.6949152542372882,0.5555555555555556
2006_05-1448,1,0.5118483412322274,0.36893203883495146,0.1388888888888889,0.7777777777777778
2006_05-1157,1,0.502283105022831,0.3486238532110092,0.3,0.7777777777777778
2010_10-174,1,0.5058823529411764,0.48412698412698413,0.29457364341085274,0.5555555555555556
2016_15-1039,1,0.5037037037037037,0.41044776119402987,0.5882352941176471,0.5555555555555556
2006_05-996,1,0.5061224489795918,0.5950413223140496,0.23387096774193547,0.7777777777777778
2017_16-499,1,0.5201612903225806,0.4117647058823529,0.5426356589147286,0.5555555555555556
2008_08-88,1,0.5116279069767442,0.36904761904761907,0.19318181818181818,0.7777777777777778
2005_05-18,1,0.5252918287937743,0.5491803278688525,0.23703703703703705,0.7777777777777778
2018_17-647,2,0.5281090289608177,0.2996389891696751,0.4935483870967742,0.5555555555555556
2009_08-1555,1,0.5129151291512916,0.4772727272727273,0.45323741007194246,0.6666666666666666
2008_07-689,1,0.5113122171945701,0.5370370370370371,0.25663716814159293,0.7777777777777778
2017_17-333,1,0.5261324041811847,0.5,0.543046357615894,0.5555555555555556
2019_17-1268,1,0.512396694214876,0.1694915254237288,0.6774193548387096,0.5555555555555556
2010_10-568,1,0.5063291139240507,0.5384615384615384,0.475,0.5555555555555556
2005_04-712,1,0.5121951219512195,0.23333333333333334,0.46825396825396826,0.7777777777777778
2013_12-536,1,0.5118483412322274,0.43023255813953487,0.3611111111111111,0.5555555555555556
2010_09-1233,1,0.5244956772334294,0.4303030303030303,0.510989010989011,0.5555555555555556
2009_08-678,1,0.5057471264367817,0.5232558139534884,0.4772727272727273,0.6666666666666666
2008_08-214,1,0.5142857142857142,0.4470588235294118,0.4111111111111111,0.7777777777777778
2015_15-138,1,0.5095541401273885,0.42857142857142855,0.675,0.5
2011_10-844,1,0.5142857142857142,0.3137254901960784,0.5648148148148148,0.5555555555555556
2012_11-798,1,0.5074626865671642,0.3434343434343434,0.5294117647058824,0.5555555555555556
2018_16-1363,1,0.524822695035461,0.6119402985074627,0.5675675675675675,0.5555555555555556
2005_04-9728,1,0.5271317829457365,0.5737704918032787,0.20588235294117646,0.7777777777777778
2018_17-5554,1,0.5177865612648221,0.4180327868852459,0.5038167938931297,0.5555555555555556
2018_18-431,1,0.5174825174825175,0.5144927536231884,0.3716216216216216,0.5555555555555556
2006_06-340,1,0.5093457943925234,0.4380952380952381,0.1559633027522936,0.7777777777777778
2016_15-5991,1,0.5206896551724138,0.5467625899280576,0.7218543046357616,0.5
2005_04-1581,1,0.5277777777777778,0.5196078431372549,0.17543859649122806,0.7777777777777778
2007_06-7517,1,0.5060240963855421,0.35365853658536583,0.13095238095238096,0.7777777777777778
2017_17-130,1,0.5388127853881278,0.5346534653465347,0.576271186440678,0.5555555555555556
2011_10-1219,1,0.5138888888888888,0.5285714285714286,0.5675675675675675,0.5555555555555556
2011_11-551,1,0.5133531157270029,0.5,0.630057803468208,0.5555555555555556
2014_13-352,1,0.5175879396984925,0.7142857142857143,0.6504854368932039,0.5555555555555556
2007_06-11543,1,0.5048543689320388,0.5882352941176471,0.14423076923076922,0.7777777777777778
2008_07-542,1,0.5066666666666667,0.23423423423423423,0.14912280701754385,0.7777777777777778
2015_14-1146,1,0.5219123505976095,0.5666666666666667,0.5190839694656488,0.5
2012_11-564,1,0.5145348837209303,0.2934131736526946,0.4124293785310734,0.5555555555555556
2012_11-597,1,0.5100401606425703,0.4426229508196721,0.4251968503937008,0.5555555555555556
2013_12-929,1,0.5333333333333333,0.5,0.609375,0.5555555555555556
2014_13-9972,1,0.5309090909090909,1.0,0.4863013698630137,0.5555555555555556
2008_07-901,1,0.5114942528735632,0.38823529411764707,0.3146067415730337,0.7777777777777778
2018_18-485,1,0.5128205128205128,0.3508771929824561,0.4666666666666667,0.5555555555555556
2008_08-660,1,0.5039370078740157,0.3968253968253968,0.171875,0.7777777777777778
2010_09-9000,1,0.5135135135135135,0.5925925925925926,0.543859649122807,0.5555555555555556
2018_17-1174,1,0.5219512195121951,0.2755102040816326,0.4392523364485981,0.5555555555555556
2007_06-10119,1,0.5087719298245614,0.4714285714285714,0.2413793103448276,0.7777777777777778
2014_13-1034,1,0.5163934426229508,0.5423728813559322,0.5634920634920635,0.5555555555555556
2016_15-457,1,0.5170940170940171,0.6194690265486725,0.6363636363636364,0.5555555555555556
2019_18-1432,1,0.5213270142180095,0.42574257425742573,0.4,0.5555555555555556
2007_06-6330,1,0.5058823529411764,0.44047619047619047,0.19767441860465115,0.7777777777777778
2006_05-381,1,0.5078534031413613,0.5425531914893617,0.2268041237113402,0.7777777777777778
2017_16-1161,1,0.532258064516129,0.20689655172413793,0.3333333333333333,0.5555555555555556
2011_09-958,1,0.5091575091575091,0.21641791044776118,0.5107913669064749,0.5555555555555556
2010_10-179,1,0.5069444444444444,0.36619718309859156,0.5753424657534246,0.5555555555555556
2017_16-1140,1,0.5213675213675214,0.41964285714285715,0.5,0.5555555555555556
2015_13-1496,1,0.5303643724696356,0.46551724137931033,0.37404580152671757,0.5
2015_15-109,1,0.5209580838323353,0.6875,0.632183908045977,0.5
2019_18-1059,1,0.5076923076923077,0.375,0.6136363636363636,0.5555555555555556
2006_05-915,1,0.5067264573991032,0.5636363636363636,0.2743362831858407,0.7777777777777778
2018_17-1307,1,0.511520737327189,0.5377358490566038,0.46846846846846846,0.5555555555555556
2016_14-9496,1,0.5048543689320388,0.46078431372549017,0.49038461538461536,0.5
2005_05-7053,1,0.5132743362831859,0.5,0.20689655172413793,0.7777777777777778
2017_16-1067,1,0.5252918287937743,0.48360655737704916,0.6518518518518519,0.5555555555555556
2012_11-192,1,0.5110132158590308,0.4954954954954955,0.5258620689655172,0.5555555555555556
2014_13-435,1,0.515527950310559,0.5,0.5783132530120482,0.5555555555555556
2017_16-1150,1,0.51953125,0.4715447154471545,0.6992481203007519,0.5555555555555556
2019_18-882,1,0.52,0.5833333333333334,0.3706293706293706,0.5555555555555556
2007_06-43,1,0.5080385852090032,0.37254901960784315,0.2468354430379747,0.7777777777777778
2006_05-1342,1,0.5,0.5,0.232,0.7777777777777778
2012_11-817,1,0.5103092783505154,0.3684210526315789,0.5252525252525253,0.5555555555555556
2011_10-788,1,0.5120967741935484,0.6198347107438017,0.4645669291338583,0.5555555555555556
2014_14-7955,1,0.5431654676258992,0.5748031496062992,0.609271523178808,0.5555555555555556
2009_08-1402,1,0.5185185185185185,0.5461538461538461,0.3357142857142857,0.6666666666666666
2010_09-1476,1,0.5028248587570622,0.3409090909090909,0.38202247191011235,0.5555555555555556
2013_12-1184,1,0.5132275132275133,0.358695652173913,0.4329896907216495,0.5555555555555556
2011_10-444,1,0.5265486725663717,0.29906542056074764,0.3949579831932773,0.5555555555555556
2005_05-5966,1,0.5132450331125827,0.5918367346938775,0.3870967741935484,0.7777777777777778
2013_12-1182,1,0.5213270142180095,0.40594059405940597,0.42727272727272725,0.5555555555555556
2016_15-628,1,0.5091743119266054,0.35514018691588783,0.7207207207207207,0.5
2015_15-108,1,0.5325670498084292,0.5819672131147541,0.6762589928057554,0.5
2008_08-295,1,0.508,0.45528455284552843,0.47244094488188976,0.7777777777777778
2015_14-1457,1,0.5029585798816568,0.4523809523809524,0.6470588235294118,0.5
2005_04-1170,2,0.5182926829268293,0.48945147679324896,0.09803921568627451,0.7777777777777778
2009_09-367,1,0.5060975609756098,0.5962732919254659,0.4759036144578313,0.6666666666666666
2015_13-1067,1,0.5102040816326531,0.3819444444444444,0.58,0.5555555555555556
2015_15-375,1,0.5054945054945055,0.5111111111111111,0.6847826086956522,0.5
2016_16-6219,1,0.5159817351598174,0.46226415094339623,0.6637168141592921,0.5555555555555556
2007_06-984,1,0.5162790697674419,0.34134615384615385,0.33783783783783783,0.7777777777777778
2013_12-79,1,0.5026737967914439,0.3548387096774194,0.4148936170212766,0.5555555555555556
2012_11-982,1,0.5145985401459854,0.39097744360902253,0.624113475177305,0.5555555555555556
2014_13-628,1,0.52,0.5370370370370371,0.4188034188034188,0.5555555555555556
